3 4 6521 11444 3312 6282 
2 5 6282 349 3340 9388 321 
2 5 6282 6334 9334 9361 11372 
1 4 6332 6402 3380 362 
1 3 6332 11245 6375 
2 5 6521 375 11219 11276 321 
3 4 6521 3499 9456 3522 
1 4 3522 9375 526 6377 
1 4 6377 6263 6325 9347 
2 3 9347 6257 6389 
3 8 6521 13262 11505 9496 3572 6595 552 9570 
2 3 6282 3207 9496 
1 4 9347 3368 3231 11366 
1 3 6377 3271 3326 
2 4 9347 6325 6349 3326 
1 2 3326 241 
1 7 6469 6622 11346 9281 11264 11360 241 
1 2 6469 587 
3 2 6469 495 
1 3 495 6535 11388 
1 4 11388 247 309 3326 
1 6 495 6535 9509 405 3395 6377 
1 4 6469 6570 529 11494 
2 5 11494 3423 13258 9575 11531 
3 3 11494 6444 6488 
2 5 11531 563 11547 11560 6488 
3 4 9517 6568 589 6488 
2 5 11531 563 3558 3530 9517 
3 2 9517 11499 
2 2 11499 708 
1 3 708 3705 692 
1 3 692 11653 9515 
2 5 9517 3530 6542 6712 3692 
1 4 3692 3679 6934 9655 
1 4 9655 11638 6693 692 
1 3 11499 3690 9655 
3 5 495 3398 9547 3524 6488 
2 4 9515 3299 571 11544 
1 3 692 9652 707 
1 4 707 3688 6725 9515 
2 4 11499 9545 11529 11544 
2 6 11544 9572 11417 11445 3397 6488 
1 5 6488 3524 6549 9524 3561 
3 4 3561 425 6487 3522 
1 3 3561 6513 564 
1 4 564 11431 9443 495 
1 4 6377 11493 3355 564 
1 4 6488 3524 11533 564 
1 4 3561 425 6582 3535 
1 3 3535 11481 514 
1 4 3535 6582 6487 3522 
2 8 11544 9416 3474 482 6524 538 6501 3535 
1 4 11372 11343 9263 362 
1 14 6521 11505 9496 537 6236 9387 9252 11260 11288 334 389 3380 6402 6332 
1 6 6332 395 3384 11312 3272 6296 
1 3 3320 327 6296 
3 16 3151 149 11068 9164 6095 6035 6086 9111 187 2999 11315 3215 11250 3358 11282 6380 
2 4 758 11710 9689 6734 
2 5 11805 3861 799 6924 9817 
1 7 6880 9765 3866 980 970 11768 11805 
2 3 6734 9686 11677 
1 4 11677 11692 6955 758 
1 3 9764 854 9824 
2 7 6906 9896 6817 3873 6966 6812 9764 
1 4 6906 6959 9889 4098 
1 2 4098 10024 
1 5 10024 10109 4065 11956 1176 
1 3 1176 11956 12038 
2 4 1176 7068 7198 4182 
1 3 4182 10009 9979 
2 3 4182 13231 7183 
1 2 7183 1048 
1 3 4182 13231 10094 
1 4 4182 7198 6744 875 
1 3 7183 1178 875 
2 6 9764 6812 6966 13223 3954 3816 
2 4 3816 9813 11821 915 
2 7 3938 9767 6993 9785 11766 813 3816 
1 7 3816 6878 6903 3902 11852 13233 740 
1 4 885 11852 13233 740 
1 5 3938 3794 9800 9846 11825 
1 4 11825 6936 903 885 
1 6 11825 4024 3920 726 3729 11707 
1 7 11677 11840 3725 3727 3918 918 11825 
1 5 11707 6749 9703 11688 740 
2 7 7183 4080 11749 6954 931 9925 13230 
1 6 13230 9839 9917 11820 896 3938 
1 8 1176 4095 12083 9828 9778 13229 13224 3938 
2 4 11825 9846 13232 6867 
1 5 6867 13221 11756 9839 13230 
1 5 6867 874 845 889 9817 
1 6 13230 9877 3926 844 924 11805 
2 4 10024 1093 9903 832 
1 4 4098 1093 11884 832 
1 5 832 942 9757 6914 3938 
2 4 875 3871 3810 6948 
1 5 6948 985 11780 6866 13230 
1 6 6948 6832 6800 13229 13224 3938 
1 5 3945 6879 9852 6914 3938 
1 6 6906 3799 871 7213 11737 3816 
2 4 6287 6393 3260 3325 
1 3 6364 6235 394 
1 4 241 11360 11318 9335 
1 2 9335 6336 
2 4 6469 3512 9363 6241 
3 2 6241 391 
1 3 391 68 3314 
1 3 6241 6286 6336 
3 2 391 9498 
1 2 9498 3262 
1 2 3262 6598 
3 2 6598 516 
2 5 587 9522 11562 9574 11519 
1 3 11519 13068 516 
2 4 6583 11435 11470 11494 
2 3 587 3547 11494 
1 2 9559 6583 
1 2 6560 516 
1 4 516 3576 6446 11483 
1 3 11483 575 11548 
1 4 11506 9534 6569 485 
2 4 11506 9561 454 11420 
1 3 11420 9500 11548 
1 2 11563 9434 
2 5 11506 9523 3549 9578 11563 
2 9 11506 9523 3549 3534 553 11521 11535 3579 6449 
2 4 512 9725 9523 11506 
2 4 3671 9492 6533 512 
2 8 11506 9523 6547 11463 3509 3495 527 9495 
2 5 3552 6572 9525 11508 9495 
2 5 3671 9492 9478 503 11465 
2 3 11465 9510 6536 
2 5 6657 655 3659 11596 3671 
2 5 620 3626 651 669 3671 
2 7 9737 11565 595 11582 629 11596 3671 
1 5 9737 11565 595 3598 620 
2 6 6766 11702 6775 11720 9717 9737 
2 3 740 6756 743 
1 4 743 9710 6777 9737 
2 5 743 11697 11699 3749 6766 
2 6 6766 11702 6775 9734 9751 620 
2 4 9824 9853 3946 6960 
1 4 6766 943 9723 6960 
2 5 6960 9898 11877 958 11834 
2 2 11834 911 
2 3 911 3928 9909 
2 4 6788 3772 11891 9909 
2 7 11834 958 11713 762 780 3589 6613 
1 3 3594 11593 6613 
2 6 3594 9607 11576 6648 3621 620 
2 7 6960 760 11709 3754 769 9748 3594 
2 6 3594 9609 667 9644 6518 512 
2 4 6613 11794 648 3652 
2 5 3652 3669 3506 11491 11506 
2 2 3652 9642 
2 3 9642 6698 698 
2 11 11506 11518 6949 3506 9490 3533 6531 9658 6698 698 678 
2 3 678 6529 9503 
2 5 9503 1346 3629 11502 9559 
2 4 11506 11518 11549 13011 
2 5 11420 454 3402 11549 13011 
2 3 11531 11502 9559 
2 3 11516 1346 9503 
2 8 11516 5291 6545 11732 551 6949 11518 11506 
2 6 6613 3589 6784 6609 9745 6780 
2 5 6788 771 9741 11730 6780 
2 5 6780 11730 9741 776 3780 
1 4 6788 3773 6790 3780 
2 3 9620 6683 678 
2 6 3780 607 6635 636 9618 9620 
1 3 663 9638 9620 
1 3 663 11640 3692 
1 7 663 11623 6680 6678 9633 11618 673 
1 4 9515 9681 3703 9665 
1 4 9665 11651 704 11666 
1 3 9648 6690 11666 
1 5 11666 6690 9679 6687 3673 
1 5 9648 9679 9650 3684 9665 
2 6 3673 3674 6673 3657 6656 11584 
1 3 6626 628 11584 
1 5 3673 3674 6673 11595 6626 
1 3 688 3684 9665 
1 4 673 11634 3675 688 
2 6 663 11601 3641 9600 9584 3780 
2 3 603 3604 11584 
2 4 603 3776 773 3780 
2 6 673 11618 9630 11598 9598 603 
2 4 603 3776 11734 6606 
1 4 6606 6793 9582 11584 
1 4 3780 6790 9752 6606 
2 2 6606 782 
1 4 782 9924 967 925 
2 2 6788 6973 
2 2 9904 11751 
1 4 11751 6862 6875 11833 
1 3 11833 6946 6973 
1 4 9907 1616 6985 6606 
1 5 9907 9879 9750 6862 11751 
1 4 925 6926 9794 9904 
1 3 6831 9838 925 
2 4 11837 9784 6843 883 
1 4 883 6939 3966 6831 
2 3 819 11803 883 
2 2 11846 9904 
1 4 11846 923 9826 819 
2 8 9990 12066 3901 10027 3968 851 955 819 
1 2 11998 11837 
1 6 9990 12066 12098 10027 9856 11837 
1 2 4014 4159 
2 4 4159 1156 3857 10074 
1 5 11773 11874 11824 9772 6891 
2 6 383 3307 6412 9362 6345 9279 
2 4 11380 11082 161 6050 
2 10 9279 11376 9300 9410 9251 9329 9406 6397 9393 11380 
2 12 383 6331 3286 3375 3063 6188 9209 9109 11188 11082 161 6050 
1 6 9279 11376 6120 11160 11327 11215 
2 4 6296 6360 6229 9483 
2 4 9483 6342 6222 9340 
1 3 9483 3354 9262 
2 5 3320 9295 11342 11358 310 
1 4 310 7482 10323 9340 
4 6 11542 469 573 514 6441 3499 
1 4 3583 13259 9457 11467 
1 3 11666 6739 9692 
2 4 9692 541 3484 11539 
1 6 11539 3484 13254 9551 9567 3583 
1 4 11539 581 3550 3581 
1 6 9660 9690 6561 11679 541 9692 
4 6 9660 11663 9676 6720 3700 11666 
1 6 9660 6703 682 3670 9611 11581 
2 4 11581 3654 6650 9627 
1 3 6626 599 9627 
2 6 9648 9646 596 3654 6650 9627 
2 5 11581 3654 596 9646 9648 
4 6 619 3623 6670 11625 684 9660 
1 5 11581 624 9595 6647 619 
4 4 619 3617 11580 11586 
2 3 3601 3592 11581 
1 5 6626 599 11735 11564 3601 
1 5 3601 6611 984 3974 3924 
2 4 3882 11832 9906 9602 
4 4 9602 6634 11583 11586 
1 4 3882 3833 3526 11818 
2 9 4109 3988 1109 976 863 6930 3844 10163 11818 
4 5 9602 11887 11868 965 949 
1 8 949 3971 3952 3819 6842 9769 649 9783 
4 4 949 3908 3937 6923 
4 6 9833 6895 3893 11905 9862 6923 
2 2 3663 9617 
1 4 657 6677 11603 9617 
1 9 9548 6761 3728 3741 6747 9701 11652 9651 3663 
1 10 3663 3636 3639 637 3645 11657 3649 9606 11787 3617 
1 9 3663 660 6695 6709 11639 676 11622 693 6711 
1 3 6711 3709 3696 
2 6 3696 11644 699 6716 716 9660 
1 3 746 713 3696 
1 5 3581 6586 11691 3548 746 
1 2 6314 3288 
1 3 9483 3354 6314 
1 4 6332 11265 348 3288 
2 7 9340 9240 9317 11291 3074 496 3152 
2 5 3152 11426 11127 11443 4640 
1 6 4640 126 3120 181 11080 3151 
1 4 11105 6108 9194 3083 
1 5 3151 6174 3060 9100 9206 
1 5 9206 6082 11056 9183 9073 
1 6 9073 67 9167 6144 9129 11105 
1 4 11370 277 6340 3320 
2 9 362 3380 3351 6347 6321 9290 6567 524 3544 
2 8 6558 17 3381 11515 493 9508 9400 3544 
1 8 6558 388 11232 279 3324 389 3380 362 
1 2 11467 6464 
1 3 6464 13205 9427 
2 5 9427 11430 6416 467 3544 
1 3 6464 9567 3583 
2 8 9427 11413 3410 6499 6522 3434 9468 11479 
2 6 11479 9558 422 11441 6546 3392 
1 5 3544 524 402 9544 3392 
1 4 3501 13070 11333 6103 
1 4 9458 507 9239 6103 
1 7 540 3463 9484 6351 11471 9239 6103 
1 4 3369 11471 9239 6103 
1 5 6103 9239 6221 6270 9297 
1 3 3369 7239 9297 
3 4 6103 11374 221 271 
1 3 9297 11345 9315 
1 7 6103 11221 296 9322 364 11382 9315 
1 3 3369 6378 377 
1 6 377 3241 6301 3301 3205 6384 
1 4 9315 11382 9269 11297 
1 5 6384 6335 6399 11332 11218 
1 4 351 11299 11378 9392 
1 5 11218 9350 9237 6395 3273 
1 3 9392 9383 3273 
1 5 3273 9383 6300 3150 11136 
1 5 3273 9383 159 11306 9075 
1 4 3379 3242 3359 11293 
1 3 3379 3242 385 
2 7 7394 9284 6313 9310 303 3342 11293 
2 3 3392 11247 11301 
2 6 11301 11357 11386 266 395 6332 
1 4 11301 347 13206 3393 
1 3 3320 9274 3393 
1 4 11370 11216 9236 9304 
2 5 11301 347 318 3309 9304 
2 6 11399 3559 3521 12562 524 3544 
1 4 11399 6580 536 11479 
1 6 3458 3559 3521 12562 524 3544 
1 7 310 6459 3219 6326 6249 9323 11241 
2 4 11241 323 6293 11234 
1 7 11202 11097 3053 6139 181 11080 3151 
1 9 11234 9331 320 9234 11109 117 6197 79 3151 
1 6 11349 11326 366 3358 11282 6380 
1 5 11349 6264 3235 9287 11234 
2 4 11370 294 11322 3331 
1 4 3331 11220 11290 306 
1 3 11241 9241 3331 
1 2 3331 9289 
1 8 383 295 11070 69 147 3007 11184 6115 
1 7 9096 6151 9036 3094 9204 9103 6115 
1 9 6115 11078 9157 27 11037 3059 9170 6145 122 
1 4 11028 9157 11078 6115 
1 5 11028 9227 11206 9139 3022 
1 3 192 6055 101 
1 7 101 3095 11155 9226 9186 3104 9108 
1 11 9108 6083 6161 9220 11067 118 11185 6063 130 205 3108 
1 10 6050 9149 3182 11091 9117 49 9051 125 9035 3108 
1 4 9197 11068 149 3151 
1 7 9197 70 11059 11153 6057 90 11159 
1 10 11159 9118 3033 11092 155 11175 6021 94 9195 3189 
1 9 3189 86 3008 9162 3121 6181 9201 11117 3134 
1 8 11105 9129 11172 3025 6138 9038 6013 3122 
1 5 9073 11138 9056 9163 141 
1 10 11202 415 592 9485 6408 308 11291 9317 9240 9340 
2 10 306 3362 6387 9272 11254 335 401 3327 3391 6380 
2 4 11370 216 386 3350 
2 2 6373 3350 
1 3 6373 6344 9288 
2 3 9289 3378 6373 
2 7 6373 6319 9249 3507 9568 441 6593 
2 9 6593 3470 11543 6435 572 513 422 6580 11399 
2 7 11479 491 11427 438 462 6429 476 
2 4 476 11464 11514 6593 
1 5 11479 6483 11411 11550 9548 
2 7 476 6455 9423 9576 754 741 11670 
2 5 476 9481 11490 504 525 
2 8 3686 705 3722 568 737 3573 588 11405 
1 2 11405 11437 
2 9 11437 6423 6451 3452 458 11438 9465 504 525 
2 6 11437 453 472 3449 3466 6474 
2 4 6474 6493 9430 9417 
2 6 9417 585 3587 3765 3752 3734 
1 4 3734 9696 3760 719 
1 3 3672 3682 3668 
2 6 7661 7495 4458 7624 4463 3668 
2 17 1599 1530 9632 9626 654 772 3653 7454 10403 10472 12376 7470 6935 864 12476 10811 10106 
2 9 1599 11708 1539 11674 11645 4477 4614 1536 7661 
2 13 3672 9647 685 11633 714 9691 9694 735 9709 6781 3587 585 9417 
2 2 413 3527 
2 10 9417 11434 11450 11459 3519 3540 6591 11412 11475 3527 
2 6 6474 3479 502 6530 3531 418 
2 7 3527 9552 9489 11439 3409 9556 418 
1 5 418 9449 3492 558 3580 
1 4 11504 3557 11397 418 
2 7 525 11557 9543 11530 9519 559 11504 
2 4 525 11557 6458 11489 
2 5 9288 546 9506 3480 11489 
2 7 11489 6508 9566 3225 288 3306 3335 
2 9 3335 6252 11284 11235 11300 3263 6348 6414 6380 
2 4 3580 9260 9328 9355 
2 5 9355 9411 11242 3292 6262 
2 6 6262 6396 6290 9348 6414 6380 
2 3 413 6341 6398 
2 4 6398 6230 6279 3356 
2 7 3356 9330 11268 9282 9348 6414 6380 
2 6 3578 3426 9460 433 11408 9422 
2 7 6398 6369 9339 9312 11436 471 9422 
2 6 121 252 6356 9278 9378 6380 
2 7 121 9122 11099 2 9168 2996 9131 
2 4 9197 70 11174 3140 
2 9 3140 172 9107 3163 11083 81 9207 11189 9131 
2 12 6380 301 11362 6316 378 280 3370 3268 6392 6295 6299 11375 
2 3 11344 3303 11375 
2 11 6380 301 3290 9235 11217 214 3339 6362 6410 9407 11344 
2 7 9422 313 3304 6353 6382 9409 9258 
2 6 9258 9286 6391 11262 11394 11344 
2 9 11344 11277 3352 6374 6253 9373 11356 11243 6338 
2 11 9258 9286 11269 3317 286 3276 6302 6226 6275 9243 11225 
2 8 11225 11348 393 3357 3330 6515 10299 12128 
2 8 11225 11377 11256 3265 4324 4283 1305 1278 
2 6 1278 12117 10142 10329 12157 9292 
2 5 9292 1233 12287 10133 1821 
3 6 10253 7370 4294 1254 4322 12128 
3 6 10253 12294 1314 4227 7354 7243 
2 7 6338 260 9336 3251 3300 6388 6278 
2 11 6278 7403 206 1380 10286 10314 361 3280 7320 10133 1821 
2 7 7375 11228 237 3280 7320 10133 1821 
2 10 7375 11352 7346 12203 9293 370 3027 3139 272 6124 
2 13 9131 2996 11143 143 3135 9200 11075 73 3066 3103 6089 9214 6124 
2 5 7477 7563 4599 12491 12333 
4 7 11747 11784 9806 890 11811 11829 9833 
2 3 9878 3983 3951 
1 6 9878 3876 11860 940 9755 6807 
1 6 6807 9763 9830 961 6956 11746 
2 5 1821 9553 1543 10189 4824 
2 3 9292 1327 1292 
1 3 3325 3277 399 
1 3 3325 3277 6364 
1 3 11366 332 399 
2 8 1292 1775 1294 12521 4780 7800 1709 10696 
2 8 4824 7846 7774 3472 10600 12652 4700 10696 
2 6 10696 12679 1733 1860 7825 7274 
3 7 1459 10148 10366 4636 10353 4638 7243 
2 5 1459 10601 7777 7501 1554 
3 8 7602 10351 12333 8099 7618 1649 10470 1554 
2 8 7274 4866 7757 12631 7886 10712 10639 12691 
1 8 12691 12621 1876 1813 10549 10661 12540 4797 
2 8 4677 7786 10683 7860 12507 4766 10528 4837 
2 10 12189 10466 11643 6686 664 6684 11750 6989 957 6961 
2 6 7642 4434 4621 1425 4406 7381 
1 5 7642 10135 12293 4390 4608 
2 5 12299 4424 7427 4412 10297 
2 18 10297 1376 12215 7342 1291 12144 7236 4371 1337 4312 12201 1281 1308 4388 12220 12122 1427 7408 
2 9 7408 10250 10221 12173 10411 7572 7353 7492 1488 
1 4 1330 12127 4336 1403 
2 8 1330 10154 10283 10344 1650 12449 12404 1492 
3 9 1319 7446 4501 1522 12319 10075 12075 4075 1185 
5 2 1182 9998 
4 3 9998 7157 7087 
4 3 7087 12097 10125 
2 2 7072 11960 
2 4 7187 4172 4142 11960 
2 3 7072 12031 7212 
2 3 7212 11946 1092 
2 3 1092 10052 11985 
2 2 11960 1136 
1 2 7072 1136 
2 8 1136 9985 10055 1167 7145 1191 7050 11985 
2 2 1025 7110 
1 2 7110 9950 
2 6 4102 1183 12006 11925 4164 7110 
1 2 11985 1025 
2 5 11960 4142 4172 7102 10032 
2 6 7169 1024 4118 1113 993 1182 
2 4 7169 12056 3848 6994 
2 6 1117 11930 4067 1063 9865 6994 
2 2 12007 1117 
1 3 12007 10128 10032 
2 4 10125 7187 10015 11989 
2 5 1182 1097 11908 11989 12007 
2 3 3962 7532 10444 
1 3 10444 10512 12421 
1 3 6994 9859 3962 
4 4 4056 4086 1081 11977 
2 4 11948 10110 4126 11977 
4 5 11977 13277 7204 7221 7125 
4 5 4052 9790 912 11835 6981 
4 6 6981 3970 3839 3895 9885 11771 
2 5 11771 987 9781 11764 964 
2 4 964 3783 6851 1150 
4 10 11771 6951 11815 9835 6837 11886 3900 1052 12043 10068 
4 6 10068 9969 11996 11980 7189 1069 
3 5 9843 4140 12026 7109 4190 
4 5 1069 12045 4071 7089 10000 
2 7 4190 12062 4538 1519 4634 1034 7208 
4 5 1069 4037 10043 7025 7085 
3 8 11913 1146 10008 7094 11916 10040 9995 7085 
3 3 7014 12052 10076 
3 4 10076 7120 996 11913 
3 4 7014 12076 4042 7191 
3 5 9974 7058 1096 11991 7191 
4 7 4190 1188 1169 4144 1139 9958 10364 
4 7 10364 12012 7568 7580 9934 7167 4619 
4 4 4619 4631 9999 7097 
3 5 3992 7653 1628 1036 4619 
3 3 10062 7108 1047 
4 4 10364 4066 10098 7085 
2 5 12068 1091 11959 7214 7186 
3 4 1047 12095 1120 9970 
2 8 11968 12010 9991 1142 12090 1014 1333 10344 
2 5 11968 9993 12423 1497 12366 
2 6 4644 7662 7565 10389 12338 4435 
2 7 4245 10077 4644 7593 7537 4544 4516 
1 6 4245 4062 7220 1444 12035 12307 
1 5 4245 4062 4104 1101 10060 
1 5 10060 10116 12462 11978 10001 
2 5 10001 10255 4237 1228 7340 
2 3 8087 1275 7340 
2 6 10278 12180 10152 1430 4321 7340 
2 3 10246 12164 10149 
2 3 10246 4416 7265 
2 4 1321 7402 4327 7265 
2 5 7447 12275 4315 12146 8011 
2 9 10278 1344 12734 8011 8100 4414 10756 10259 5104 
2 3 8087 10324 1359 
2 5 1349 10270 4353 12142 1359 
2 6 1349 7013 4187 7150 11952 9975 
1 4 4516 1569 2005 7938 
1 3 12137 4045 5040 
1 3 4516 10751 9973 
1 4 9973 4299 1377 12137 
3 4 12137 5086 10794 2086 
3 6 2086 2032 10729 12822 12005 10887 
3 2 3456 10108 
3 3 10735 7084 10108 
3 3 10735 10813 5105 
2 6 10887 9084 8007 10898 1971 7084 
3 5 10887 4979 8022 12763 4558 
1 4 9975 1144 7207 4132 
1 4 10401 12375 7497 12307 
1 5 10401 12420 4557 4883 10030 
1 6 10030 4950 11995 4953 5096 5040 
2 3 7260 7344 10201 
3 4 5075 4949 5020 5105 
2 7 10837 10922 1982 2065 1922 7953 5005 
2 4 7602 10385 10768 10837 
3 2 2089 8001 
3 4 8001 2004 7994 2097 
4 4 2097 3795 1600 10106 
3 4 11746 806 3889 12473 
3 5 12473 7140 1056 4550 4111 
3 2 4111 792 
5 3 4206 1201 1065 
5 2 1086 4206 
3 3 4111 1074 7170 
3 3 1065 7170 7151 
4 6 4206 4088 4161 11979 1155 12049 
3 2 4073 12049 
3 2 4073 7011 
4 4 4345 4417 10320 7433 
4 5 7361 7644 7304 1424 4285 
4 8 4285 4342 1619 1338 12459 7462 3732 3712 
3 3 4345 4270 3778 
4 8 3775 6797 9580 11567 3605 6625 4270 4345 
3 6 3778 3635 3661 9634 6676 6510 
4 17 4872 4426 4875 1769 7899 4775 10718 1782 4869 7366 9467 6510 11602 11728 9585 6607 3775 
4 5 4872 12688 3721 1788 4759 
4 8 3010 7787 4765 4877 4343 7853 1858 1408 
4 4 1408 4428 10157 7315 
3 3 7315 12214 10327 
4 4 7315 7386 10271 12211 
4 2 12603 4759 
4 4 4759 10709 1752 3719 
4 4 3719 10618 6752 1866 
4 4 9450 12357 12456 10341 
4 4 10341 4664 4807 1866 
4 5 9450 6713 9654 11637 689 
4 4 689 3685 9825 6890 
4 5 6890 882 3687 6707 11654 
4 4 6732 3906 11830 9832 
4 8 3878 6911 3806 11665 10381 11662 7345 4345 
4 4 9832 6909 9847 3878 
4 2 3878 6882 
4 3 6882 3863 6845 
4 3 6845 3824 6984 
4 2 6984 3957 
5 5 3957 873 3823 11841 10412 
4 8 6845 6869 11785 9804 847 3850 880 11800 
4 4 6855 827 9808 11800 
4 6 1595 9796 831 11776 11760 6855 
4 2 1595 4527 
4 11 4527 4601 9775 9760 7528 3975 801 9923 6823 6929 3957 
4 6 12211 3513 12183 7865 12553 9616 
4 13 9450 12368 6737 10393 7539 7458 12418 1770 10666 12586 7852 3855 4830 
4 4 1595 4531 4437 9682 
4 10 11654 734 3733 3702 9708 1436 9693 3806 6911 3878 
4 4 6696 1881 10448 1595 
4 4 6696 12709 12568 9727 
4 3 4527 1445 9727 
4 4 1572 12381 1480 11975 
4 6 1843 9834 10489 866 12439 1572 
4 7 7388 1584 1572 12353 10407 10380 10352 
4 6 1572 12353 1433 12470 10492 12384 
4 3 12735 7422 492 
4 4 12384 7583 860 492 
4 3 492 10520 7480 
4 3 7552 7524 4464 
4 3 7552 1453 10449 
4 4 7552 1453 1643 1528 
4 4 1528 12486 805 10861 
4 6 10337 1500 12313 4507 4535 7552 
4 6 10337 12410 4884 2042 6785 6987 
4 3 6785 12369 5015 
4 3 5015 10769 12835 
4 4 6987 5061 2060 12835 
4 3 12835 7973 8003 
4 4 8003 10916 10830 12745 
4 4 8097 12745 7935 4977 
4 5 2060 12811 5038 10894 8097 
4 4 5021 2083 12721 12835 
5 7 8097 5044 7920 3834 10783 8115 7986 
4 4 4908 4977 1945 8057 
4 3 12810 10889 2021 
4 13 4611 12878 13087 13092 12738 12865 13093 12823 10886 10842 12753 8236 10889 
4 3 3960 9829 5001 
4 6 5001 7485 12458 12489 4444 1646 
4 3 7202 1547 11975 
4 7 12384 638 10394 1485 4653 4491 7138 
4 5 10412 9931 12445 10081 7138 
4 3 4464 7668 7480 
4 5 3957 951 11873 10343 7646 
4 3 9727 1582 913 
3 7 7622 10498 7451 10374 4476 7546 1550 
4 6 8252 8047 7991 7936 10494 4969 
4 3 913 7791 10909 
4 3 12384 5090 10909 
3 4 12735 12803 968 10909 
4 2 1646 7797 
4 5 12735 1587 10753 7464 7797 
4 4 10449 10410 4510 1646 
4 6 1595 12437 1604 7626 12305 4569 
4 7 4569 12305 10457 12497 7611 9682 9450 
5 4 4569 1621 12361 10717 
4 6 10717 1564 1534 2043 1806 7904 
4 5 4569 12346 12463 10370 1534 
4 4 4569 4449 4540 7615 
2 11 6464 506 584 9546 9439 11515 243 279 3324 389 362 
2 4 9508 548 3230 3295 
1 4 3295 3324 389 362 
4 5 10717 12361 7607 7449 7539 
4 12 1866 9880 1867 12667 12620 3750 1747 4820 4610 7814 12651 12535 
4 6 10640 10711 7814 1851 12585 4860 
4 3 4860 10593 10624 
4 4 12211 3513 4328 4274 
4 5 3588 6665 3471 10151 4274 
4 3 3588 9697 9713 
5 10 9671 9637 6861 4518 11763 7667 12425 4799 11814 8115 
4 5 9713 6699 6694 6876 4518 
4 4 4518 9911 9855 9814 
5 4 9814 11757 7517 1562 
5 3 1562 12374 7986 
4 4 10624 4863 7883 4759 
4 8 10327 1690 1832 4838 1854 1857 10593 10624 
4 4 1534 9802 4811 4740 
4 2 3972 9908 
4 5 9908 12624 4586 10340 4740 
5 6 10894 4955 1998 9773 12893 9908 
5 5 4975 8070 3867 10740 8097 
5 3 4975 10642 12627 
5 5 4740 10340 4586 1738 12627 
4 3 12627 10588 1827 
5 7 10717 7834 1352 7892 12024 4814 4586 
5 3 1827 7780 4723 
5 4 7747 853 10783 12833 
5 5 12627 9792 7999 7818 7821 
5 3 7821 12765 11814 
5 4 4865 10651 12573 12699 
4 3 4865 10582 12535 
4 4 12535 1789 10556 9616 
4 6 12535 7888 12633 12561 10640 4723 
1 4 1814 4804 12617 12604 
2 8 1814 4804 12617 7783 1713 7887 1565 4543 
1 4 1814 4804 7692 1801 
2 4 2197 5195 2203 2211 
2 5 7798 4776 12932 12924 12910 
2 8 7798 12576 7755 1667 10455 10682 12435 12406 
2 10 7564 7535 7522 4481 12308 7651 10487 10460 4560 7566 
1 4 1454 12104 1431 7669 
2 4 12364 1555 4573 7621 
2 5 12364 10402 12394 12409 1639 
2 4 12364 10402 12394 10418 
4 7 8215 12970 5152 10985 7500 12351 12364 
4 3 8215 10992 650 
4 2 650 8222 
4 4 650 5191 8194 5228 
4 4 5228 11000 5171 12994 
4 3 12994 8217 5131 
2 4 650 8229 8251 5121 
2 3 1639 12494 10935 
2 2 12942 10985 
3 5 8187 10943 12453 10515 12364 
2 4 8187 8238 2173 2152 
3 4 4604 1626 1613 10502 
2 4 8216 12978 11022 12942 
2 6 12930 10987 5229 10944 10965 8216 
2 6 12930 8157 5230 8225 2182 5202 
2 3 4604 4589 10447 
3 7 4604 4589 7594 1542 1529 5156 8181 
3 4 8181 7553 10947 10513 
2 2 10513 5112 
3 4 10513 10432 5172 10980 
2 5 10980 8190 12996 2153 10999 
2 4 10980 12334 8148 7476 
2 3 10946 8143 10998 
2 3 2120 10929 2216 
1 8 5199 12504 191 10594 1846 10988 2176 8144 
1 11 8193 5117 12925 10968 2115 12975 8207 5139 8244 5036 6039 
1 5 2196 8205 12911 10932 8144 
1 7 1939 10860 5160 11145 8019 10734 5010 
2 8 1939 5196 5210 10976 12941 8164 10928 12991 
3 3 7011 10005 11964 
4 4 7011 10073 7164 4076 
3 2 7011 3996 
3 3 3996 4055 1068 
2 5 12044 11974 7144 10031 1068 
2 7 12044 1151 12071 1064 11999 10844 8105 
2 3 8105 10745 7989 
2 2 7989 2046 
2 3 2046 2003 12725 
2 8 2046 12881 12806 10743 12862 2040 4954 5010 
4 5 11921 4129 7162 7180 11969 
4 2 9994 11969 
4 7 11969 7180 1046 4163 1160 7081 12051 
2 6 12051 7065 13077 4131 11939 1145 
2 5 1145 9964 12760 11923 7132 
1 6 7132 4150 7008 12018 7958 4933 
3 8 7132 4116 989 13240 7215 4199 12087 9945 
2 3 7100 1194 12087 
2 2 10070 7069 
2 8 12857 7203 4108 4139 10023 1079 10070 1194 
2 5 5010 7980 8124 10777 10833 
3 5 2050 12900 2025 1969 4972 
2 4 9570 6462 9511 11467 
2 4 3458 6416 11430 9427 
1 3 3458 467 3544 
2 3 9817 11673 6734 
2 4 321 11305 9320 9347 
1 6 3522 9238 9264 9294 11305 321 
1 6 3522 9238 9264 9294 9320 9347 
3 7 2086 2054 1908 4984 10847 1980 4110 
2 5 9975 1103 12886 4149 1908 
2 9 4245 4204 7593 12452 1637 10471 10332 7938 5040 
1 8 3022 6038 3111 11049 3162 11052 46 3108 
2 7 11542 9429 583 421 6562 3414 3583 
1 4 3583 3414 6562 3569 
1 5 3569 557 3718 6739 11666 
2 6 11542 9429 583 421 6562 3569 
4 3 1965 8089 12810 
5 3 4908 10765 8012 
2 3 7859 12435 12406 
1 9 12406 7520 10388 4478 4658 10500 12451 10430 7564 
2 4 8186 5225 10925 12910 
1 10 12406 1537 10427 12377 11019 2114 8249 5211 5225 8186 
1 13 8186 10927 8165 5197 12948 2191 10969 8200 10949 1526 10983 2157 1652 
2 12 9897 6944 898 6822 959 6922 3852 3981 6928 848 9981 12040 
1 9 10433 9782 10503 12482 11906 6811 810 3977 957 
2 7 957 3977 810 6811 9766 973 9897 
2 8 4572 7663 11864 9913 9928 11893 6964 9897 
2 5 11771 11808 916 4642 4572 
2 3 10433 7582 4506 
2 9 4506 12485 4876 10638 13150 4745 7743 4719 4677 
3 7 11771 846 9831 930 4633 4561 4506 
2 7 4725 10655 7801 12678 12261 4805 12189 
1 9 4725 7763 12657 10678 7851 12543 10559 7725 4677 
1 5 4506 1588 12618 7832 4725 
4 7 11666 9527 6552 543 9541 9569 11542 
3 4 11542 6440 3418 3585 
2 6 3585 6470 11404 3474 9416 11544 
2 3 9315 6318 6384 
2 5 9315 9379 9332 11270 351 
1 4 12051 9976 12034 9943 
2 5 6583 9418 9444 3516 516 
2 5 13011 9472 13081 3516 516 
1 7 11459 500 509 9516 533 9504 3529 
1 8 11408 9564 3539 11485 9436 3582 9504 3529 
2 23 952 1489 7674 11752 12448 4655 4856 1787 7752 4801 12605 7717 7676 1834 1791 4882 12610 10627 1676 12695 7843 4751 4823 
1 6 9878 6945 11796 3927 6992 4112 
1 5 6912 11778 9921 928 4112 
1 6 3951 11831 856 981 11898 9921 
2 3 6938 9844 11747 
3 4 3889 9893 9912 7620 
2 3 11853 6991 10472 
3 5 1052 900 6969 3955 952 
3 8 7097 10517 7101 7434 10757 7596 7609 9934 
3 4 3992 4083 7172 7199 
1 3 6747 723 3707 
2 6 12991 2063 4995 10775 8036 5010 
1 4 560 11503 474 6435 
1 4 3707 11686 13251 9576 
1 6 9576 3757 3575 6597 409 3452 
1 4 6344 9371 9396 11230 
1 6 3122 11065 3172 66 195 11121 
1 5 9206 11162 3050 6150 3187 
1 12 3187 3030 9061 3068 9169 193 6146 11079 9233 9106 6212 11121 
1 5 141 6078 9104 3125 6146 
1 4 9056 11033 3119 6138 
1 9 9108 6165 6125 9147 11125 11164 11081 158 11121 
1 8 3668 6701 700 6748 3726 6758 11706 9753 
1 9 9753 6620 11429 9455 6486 6516 520 11474 3529 
4 5 1004 1603 5092 7406 7418 
1 10 10137 10309 4379 1302 7280 12297 4397 10016 11936 1185 
5 2 7747 853 
4 5 5015 13088 5021 7913 1965 
4 4 610 6772 768 9697 
5 3 1562 12461 1892 
5 6 12736 8119 7964 12859 1892 12461 
4 6 3588 10159 12134 1862 7756 10651 
5 6 9911 941 10387 12303 4727 8115 
5 6 4908 10848 2069 12833 13216 1892 
4 10 7202 10047 11927 1019 1132 4168 6943 788 11738 11841 
5 17 788 11738 11841 10412 1506 7466 4627 12637 9727 12568 12709 6974 10727 954 7831 4569 1621 
4 3 7646 7588 4627 
4 2 10352 10520 
5 7 4814 12570 12642 1827 6887 1756 4742 
5 3 12699 850 11814 
5 3 4742 1740 850 
5 7 4723 4760 4830 10532 12024 4740 7904 
4 4 7539 7306 11971 4807 
4 8 12149 7433 10320 10230 10481 733 3712 6732 
4 7 7433 1284 10247 4287 634 12289 4285 
4 8 10624 7880 1767 4839 1747 7745 7840 3855 
4 11 5038 12728 6798 5022 10861 3960 2082 11743 9822 10798 7904 
4 3 6798 12782 6987 
4 3 10798 10702 3972 
5 7 4975 1972 10914 5044 5071 8012 2069 
4 4 1132 12054 7083 7138 
4 11 7138 10495 7643 7791 913 10657 8083 12501 1987 7615 7797 
4 4 4975 1972 6897 12765 
5 4 7747 6897 10573 7818 
4 8 12865 8017 13085 2077 4965 4904 12867 2021 
4 3 10842 1900 2021 
4 8 1965 2011 2008 10172 12804 7921 4946 8057 
4 5 8236 12712 10730 5066 8032 
4 5 2077 4991 1900 10842 13085 
4 7 6607 774 722 9667 6710 11656 689 
4 3 2011 4956 2083 
4 5 4956 1952 10738 10853 8003 
4 5 8032 2051 13089 5052 10172 
4 4 1965 12755 4887 5052 
4 5 4611 4624 7617 7630 10482 
2 8 12503 4787 7683 10715 7807 4769 1356 12149 
3 4 10548 4870 10273 1858 
2 6 13091 4848 7869 1872 1799 10548 
3 7 12603 10611 4739 9669 6726 515 3010 
4 7 10482 4969 10864 12790 1937 8056 1944 
4 10 2156 8199 5190 12983 12997 2225 5202 2210 13086 5131 
4 3 8252 5120 2156 
2 2 12798 8047 
1 5 10953 12349 10981 12321 12494 
2 3 10935 11021 8215 
2 4 10418 7550 5219 11021 
1 5 8189 12916 2160 5179 12930 
2 6 10999 8196 11002 10419 8197 10946 
2 5 2152 12922 12943 10944 5229 
1 4 10953 12952 5173 5201 
1 9 5201 8218 8198 10961 2161 5118 5169 12954 5121 
3 4 12453 10502 12496 10362 
2 16 10998 10939 5168 2227 10989 2175 8179 5107 2132 2228 12933 5220 12853 12999 10874 2035 
2 2 12885 4980 
3 8 12885 10906 12828 4982 12716 1981 10823 10912 
3 7 10912 7968 8113 10855 1997 12772 1944 
3 3 10855 4526 153 
2 8 8225 10996 10982 11010 8175 8172 2035 4980 
1 7 7476 2167 12977 10945 2181 10959 8189 
1 6 10947 11008 2109 4587 12901 2152 
4 3 4969 2023 10747 
3 2 10747 5026 
2 4 12798 10846 2007 5026 
2 4 12716 10849 5317 5026 
5 3 1550 7590 13275 
3 3 4641 7632 7660 
2 4 1639 4643 1624 7621 
1 5 12999 2168 12959 5148 8189 
1 8 10946 8184 10926 5218 10984 2150 12913 12999 
1 6 12959 5208 2190 8233 10931 7476 
1 4 2152 11023 5200 8189 
1 4 8233 5194 8177 5218 
1 5 5107 2178 2164 8227 5218 
1 3 12959 2204 8175 
2 9 2182 5166 8160 2226 8213 12825 12729 10792 5026 
4 7 12883 2033 8092 2095 1033 12101 11976 
4 3 12758 7934 2033 
3 6 12758 10892 12813 12727 5024 12702 
3 3 8051 10791 12702 
3 5 13271 10904 7960 4993 10760 
4 5 10840 1920 8073 1923 12883 
2 5 7960 2048 8108 4932 10791 
3 4 12702 1955 8085 2089 
2 4 10106 3916 6826 4943 
2 9 10837 7969 4609 4901 12793 1896 12861 1822 4943 
1 5 2065 8040 12773 5098 4943 
3 2 2089 5005 
3 6 5005 5089 8117 12832 4959 7982 
3 5 11976 4591 4574 7151 1086 
3 5 4574 4440 1631 12413 3795 
1 3 2196 8183 5210 
2 8 2196 8182 12944 2202 2123 5164 12971 2120 
4 4 12589 12692 12419 10697 
4 5 7576 4584 10697 1509 12419 
3 5 4584 1833 4696 12547 12589 
3 4 7576 1468 8178 8245 
3 7 1509 10668 2213 10400 2171 10566 8245 
3 2 8214 2213 
4 3 10697 5231 2213 
3 5 2229 10963 7605 12940 8214 
3 5 4879 10963 5189 10442 12419 
3 13 12589 10415 4528 5154 2229 4879 10957 8136 8202 8138 10966 5158 8248 
2 4 8245 5177 12935 2120 
3 4 11976 4017 7176 1086 
4 15 10106 10804 1549 12416 4512 11759 7620 3890 9761 9777 919 11826 3862 804 11747 
3 4 1896 4755 1636 6935 
2 3 5074 10752 10840 
2 11 4076 4145 1071 11910 10061 11967 9989 7079 10120 4136 1130 
2 7 1130 9992 12025 10049 7139 1062 4120 
2 15 11954 4120 1127 1198 4057 12088 10117 10046 4047 1041 1118 9980 7209 4194 1149 
3 7 1149 1189 12039 11957 7005 10026 11921 
2 2 12087 10113 
2 4 8038 8111 5046 7203 
1 4 4933 8046 10107 4108 
1 3 8248 8219 10968 
3 5 6039 10831 8034 4952 2050 
2 7 2050 10919 1951 12785 10862 12742 10803 
2 4 10803 10762 8006 7959 
2 7 7959 2094 2038 1909 12858 12747 12891 
3 5 12891 12834 4989 7972 4948 
2 6 4948 5034 7992 10875 5012 8038 
2 5 8214 12963 1874 2216 5199 
1 4 8144 10932 11017 10860 
3 8 7982 1889 4891 12774 7917 1179 10108 4110 
2 4 5075 2070 1986 7982 
2 4 1536 12434 4473 4901 
2 5 7620 9860 876 9954 11853 
2 4 9954 9868 3979 9932 
2 15 7454 11753 3714 9932 975 11894 11881 6995 3967 6938 6920 3919 11866 904 11811 
2 4 10472 3564 12320 1636 
1 4 9569 9421 6418 3585 
3 5 11542 9414 11401 11517 6595 
2 3 1065 11919 792 
3 2 10149 10278 
2 4 7395 4278 10799 7411 
2 5 1349 7119 7060 7430 10030 
3 5 1273 4395 7232 12269 1349 
2 5 8087 11950 5019 12781 10030 
3 6 1459 10488 1483 12370 12119 7949 
3 4 2015 5087 7519 4558 
2 21 10887 12754 7316 8005 7273 5042 4973 10911 1943 10315 10865 7940 8018 1882 10817 10787 1257 10132 1367 8026 2030 
4 15 10364 1004 11931 1575 7208 12356 10880 8081 8127 12776 5031 10770 8102 7971 12820 
4 14 1070 4160 7135 11981 10105 11983 7044 4152 7168 10404 4480 12017 12310 10517 
3 3 7418 8072 7596 
2 4 11991 12059 1195 1055 
2 5 1055 7086 1094 4169 4196 
2 5 7071 12084 1006 10112 1053 
3 6 9938 7182 7141 4081 1053 7199 
2 6 4196 1166 1193 1138 1110 7172 
2 4 7071 7131 12057 1193 
2 7 1055 11947 9944 1066 7054 4038 3992 
3 5 7418 10144 5048 2030 7240 
3 4 1010 4431 6999 7240 
3 3 12141 4925 7240 
3 6 7208 8049 12156 1976 4256 7418 
2 18 7732 12656 4709 7850 12601 10619 10550 10680 1668 10653 10218 7350 10235 10630 4685 4670 1800 10696 
2 6 1838 4704 12671 7737 4849 4823 
3 7 5020 5064 10789 12769 10737 10826 4558 
2 2 7717 4837 
2 3 4837 1762 4797 
2 3 12820 1838 7732 
1 3 4947 12524 7732 
2 8 4823 7693 1749 12427 1864 4867 10584 10218 
2 6 12370 5062 4768 1840 4845 10619 
1 8 7432 7404 4359 1353 10134 1244 7225 7408 
1 7 4401 10261 12260 4639 7319 10177 10134 
1 6 10162 1605 12150 7347 7238 10261 
2 8 1488 10371 1990 4568 10776 1383 10346 7446 
3 5 1319 12841 5072 12819 12141 
3 10 11981 4023 1018 11926 7137 4077 10459 4085 1884 4504 
3 3 4504 10763 1010 
3 2 4189 1047 
3 5 9970 9982 12350 7502 12310 
2 9 1492 7469 10920 4425 10863 7976 7965 4559 1319 
3 3 7446 7606 1884 
2 5 10000 7105 1200 4205 13279 
3 4 10068 11822 6969 9843 
3 6 4052 10065 11915 12040 13281 7125 
1 6 9604 9589 1325 3963 7266 12189 
2 17 12776 5057 12732 10490 4536 1882 4964 5080 5033 2014 8010 4435 12892 4987 7334 7064 9973 
2 6 4245 12050 2843 4162 11929 9993 
2 5 12366 7455 12730 2098 5033 
3 8 12820 4947 5736 7792 7702 4682 7949 2015 
1 3 1573 1623 1554 
1 8 1840 1591 10146 4773 10603 12640 10660 1459 
2 9 1321 1238 7447 7391 10190 7244 7395 12208 1273 
2 4 1359 7411 5104 8087 
5 2 12883 5037 
2 11 1648 4652 7673 12302 7327 12181 12343 1533 1373 4381 12268 
1 10 10212 12171 7371 7387 10285 4396 12283 4216 12905 1208 
1 3 1208 1304 1316 
1 9 12171 4338 12243 7415 1404 10325 4236 4323 10237 
1 10 12237 12193 12154 7614 4393 1389 12240 12400 10423 12371 
1 8 12213 4368 4350 12253 1415 10165 7323 10265 
1 2 4067 7169 
